Total amount of free biome ids: M:\Twitch\Instances\DimsGalore\config\AntiIDConflict\biomes\avaibleIDs.txt
List of free biome ids:
67
68
69
70
71
72
73
75
76
77
78
79
80
81
82
83
84
85
86
87
88
89
99
111
114
115
116
117
118
119
128
135
136
137
138
139
141
142
143
144
145
146
147
148
150
152
153
154
159
168
169
170
171
172
173
174
175
176
177
185
186
187
188
189
190
191
192
193
194
195
196
197
198
199
200
201
202
203
204
205
206
207
208
209
212
213
214
215
216
217
218
219
227
228
229
230
231
232
233
234
235
236
238
239
243
